int	enum.ArmedPartsType	string	int	int[]	int[]	bool	enum.PropertyGradeType[]	int[]	enum.EntryRandomType	int[][]	int[][]	enum.EntryType[]	bool	enum.CurrencyType	int	int[]	int[]	int	LangText
PKEY1	芯片-Chip-0,枪管-Barrel-1,枪托-butt-2,瞄准镜-Sight-3,弹夹-Magazine-4						External|External		词条随机-Entry-1,类型随机-Type-2			External		External					
道具ID	配件类型	配件模型	对象槽位ID	武装ID	关联武装部件ID	是否随机词条评级	词条评级列表	词条评级权重	目标类型	词条个数	词条列表	词条类型列表	是否可研发	研发消耗货币类型	研发消耗货币数量	研发消耗道具类型	研发消耗道具数量	研发消耗时间	配件类型描述
ID	armedPartsType	armedPartsModel	partsSlotId	mechaPartsId	mechaPartsIds	randomPropertyGrade	propertyGrades	propertyGradeWeights	type	weights	entryIds	entryTypes	canCraft	craftCostCurrencyType	craftCostCurrencyCount	craftCostItemTypes	craftCostItemCounts	craftCostTime	armedPartsTypeDesc
200001				100030302		1	1,2,3,4,5	10,20,30,20,10	1	1,1	10321111,1		1	101	10	920001,920002,920003	1,1,1	1800	配件
200002						1	1,2,3,4,5	10,20,30,20,10	1	1,1	10321121,1	1	1	101	20	920001,920002,920003	1,1,1	1800	配件
100011111	1	M1双枪枪管2		100010101		1	1,2,3,4,5	10,20,30,20,10	1	1,1	10111111,1		1	101	10	920001,920002,920003	1,1,1	1800	强化身管
100011121	2	M1双枪瞄准器		100010101		1	1,2,3,4,5	10,20,30,20,10	1	1,1	10111121,1		1	101	10	920001,920002,920003	1,1,1	1800	改良火控
100011131	5	M1双枪弹夹2		100010101		1	1,2,3,4,5	10,20,30,20,10	1	2,1	10111131,1|10111132,1		1	101	10	920001,920002,920003	1,1,1	1800	弹匣改装
100021111	1	M2主武器1枪头2		100020101		1	1,2,3,4,5	10,20,30,20,10	1	1,1	10211111,1		1	101	10	920001,920002,920003	1,1,1	1800	强化身管
100021121	2	M2主武器1瞄准镜2		100020101		1	1,2,3,4,5	10,20,30,20,10	1	1,1	10211121,1		1	101	10	920001,920002,920003	1,1,1	1800	改良火控
100021131	5	M2主武器1强化1		100020101		1	1,2,3,4,5	10,20,30,20,10	1	1,1	10211131,1		1	101	10	920001,920002,920003	1,1,1	1800	弹匣改装
100022111		M2手武器刀2				1	1,2,3,4,5	10,20,30,20,10	1	0,1	10111111,1		1	101	10	920001,920002,920003	1,1,1	1800	配件
100022121		M2手武器刀把喷口				1	1,2,3,4,5	10,20,30,20,10	1	0,1	10111111,1		1	101	10	920001,920002,920003	1,1,1	1800	配件
100022131		M2手武器增幅装置				1	1,2,3,4,5	10,20,30,20,10	1	0,1	10111111,1		1	101	10	920001,920002,920003	1,1,1	1800	配件
100031111	1	M3主武器1枪头2		100030101		1	1,2,3,4,5	10,20,30,20,10	1	1,1	10311111,1		1	101	10	920001,920002,920003	1,1,1	1800	强化身管
100031121	2	M3主武器瞄准镜1		100030101		1	1,2,3,4,5	10,20,30,20,10	1	1,1	10311121,1		1	101	10	920001,920002,920003	1,1,1	1800	改良火控
100031131	3	M3主武器1弹夹2		100030101		1	1,2,3,4,5	10,20,30,20,10	1	1,1	10311131,1		1	101	10	920001,920002,920003	1,1,1	1800	供能升级
100034111	1	M3特武二1炮头2		100030401,100030402,100030403		1	1,2,3,4,5	10,20,30,20,10	1	1,1	10341111,1		1	101	10	920001,920002,920003	1,1,1	1800	强化身管
100034121	3	M3特武二1瞄准镜2		100030401,100030402,100030403		1	1,2,3,4,5	10,20,30,20,10	1	1,1	10341121,1		1	101	10	920001,920002,920003	1,1,1	1800	供能升级
100034131	6	M3特武二1弹夹2		100030401,100030402,100030403		1	1,2,3,4,5	10,20,30,20,10	1	1,1	10341131,1		1	101	10	920001,920002,920003	1,1,1	1800	特殊弹药
100041111	1	M4主武器1枪管2		100040101		1	1,2,3,4,5	10,20,30,20,10	1	1,1	10411111,1		1	101	10	920001,920002,920003	1,1,1	1800	强化身管
100041121	2	M4主武器1瞄准镜1		100040101		1	1,2,3,4,5	10,20,30,20,10	1	1,1	10411121,1		1	101	10	920001,920002,920003	1,1,1	1800	改良火控
100041131	5	M4主武器1弹夹1		100040101		1	1,2,3,4,5	10,20,30,20,10	1	1,1	10411131,1		1	101	10	920001,920002,920003	1,1,1	1800	弹匣改装
100045111	1	M4加农炮炮头2		100040501		1	1,2,3,4,5	10,20,30,20,10	1	1,1	10451111,1		1	101	10	920001,920002,920003	1,1,1	1800	强化身管
100045121	2	M4加农炮精准设备1		100040501		1	1,2,3,4,5	10,20,30,20,10	1	1,1	10451121,1		1	101	10	920001,920002,920003	1,1,1	1800	改良火控
100045131	6	M4加农炮弹夹1		100040501		1	1,2,3,4,5	10,20,30,20,10	1	1,1	10451131,1		1	101	10	920001,920002,920003	1,1,1	1800	特殊弹药
100051111	1	M5主武器1枪管2		100050101		1	1,2,3,4,5	10,20,30,20,10	1	1,1	10511111,1		1	101	10	920001,920002,920003	1,1,1	1800	强化身管
100051121	2	M5主武器1瞄准镜1		100050101		1	1,2,3,4,5	10,20,30,20,10	1	1,1	10511121,1		1	101	10	920001,920002,920003	1,1,1	1800	改良火控
100051131	5	M5主武器1弹夹2		100050101		1	1,2,3,4,5	10,20,30,20,10	1	2,1	10511131,1|10511132,1		1	101	10	920001,920002,920003	1,1,1	1800	弹匣改装
100051211	1	M5主武器2枪头2		100050102		1	1,2,3,4,5	10,20,30,20,10	1	1,1	10512111,1		1	101	10	920001,920002,920003	1,1,1	1800	强化身管
100051221	2	M5主武器2瞄准镜2		100050102		1	1,2,3,4,5	10,20,30,20,10	1	1,1	10512121,1		1	101	10	920001,920002,920003	1,1,1	1800	改良火控
100051231	5	M5主武器2枪托2		100050102		1	1,2,3,4,5	10,20,30,20,10	1	2,1	10512131,1|10512132,1		1	101	10	920001,920002,920003	1,1,1	1800	弹匣改装
100091111	1	M9主武器1枪头1		100090101		1	1,2,3,4,5	10,20,30,20,10	1	1,1	10911111,1		1	101	10	920001,920002,920003	1,1,1	1800	强化身管
100091121	2	M9主武器1瞄准镜2		100090101		1	1,2,3,4,5	10,20,30,20,10	1	1,1	10911121,1		1	101	10	920001,920002,920003	1,1,1	1800	改良火控
100091131	5	M9主武器1弹夹2		100090101		1	1,2,3,4,5	10,20,30,20,10	1	1,1	10911131,1		1	101	10	920001,920002,920003	1,1,1	1800	弹匣改装
100092111	1	M9副武器1枪头1		100090201		1	1,2,3,4,5	10,20,30,20,10	1	1,1	10921111,1		1	101	10	920001,920002,920003	1,1,1	1800	强化身管
100092121	2	M9副武器1瞄准镜2		100090201		1	1,2,3,4,5	10,20,30,20,10	1	1,1	10921121,1		1	101	10	920001,920002,920003	1,1,1	1800	改良火控
100092131	5	M9副武器1弹夹2		100090201		1	1,2,3,4,5	10,20,30,20,10	1	1,1	10921131,1		1	101	10	920001,920002,920003	1,1,1	1800	弹匣改装
100094111	1	M9特武二1炮头1		100090501		1	1,2,3,4,5	10,20,30,20,10	1	1,1	10941111,1		1	101	10	920001,920002,920003	1,1,1	1800	强化身管
100094121	3	M9特武二1弹夹1		100090501		1	1,2,3,4,5	10,20,30,20,10	1	1,1	10941121,1		1	101	10	920001,920002,920003	1,1,1	1800	供能升级
100094131	3	M9特武二1瞄准镜1		100090501		1	1,2,3,4,5	10,20,30,20,10	1	1,1	10941131,1		1	101	10	920001,920002,920003	1,1,1	1800	供能升级
100121111	1	M12主武器1枪管1		100120101		1	1,2,3,4,5	10,20,30,20,10	1	1,1	11211111,1|11211112,1		1	101	10	920001,920002,920003	1,1,1	1800	强化身管
100121121	2	M12主武器1瞄准镜1		100120101		1	1,2,3,4,5	10,20,30,20,10	1	1,1	11211121,1|11211122,1		1	101	10	920001,920002,920003	1,1,1	1800	改良火控
100121131	5	M12主武器1弹夹1		100120101		1	1,2,3,4,5	10,20,30,20,10	1	1,1	11211131,1|11211132,1		1	101	10	920001,920002,920003	1,1,1	1800	弹匣改装
100122211	1	M12副武器2枪管1		100120202		1	1,2,3,4,5	10,20,30,20,10	1	1,1	11221111,1		1	101	10	920001,920002,920003	1,1,1	1800	强化身管
100122221	2	M12副武器2瞄准镜1		100120202		1	1,2,3,4,5	10,20,30,20,10	1	1,1	11221121,1		1	101	10	920001,920002,920003	1,1,1	1800	改良火控
100122231	5	M12副武器2弹夹1		100120202		1	1,2,3,4,5	10,20,30,20,10	1	1,1	11221131,1		1	101	10	920001,920002,920003	1,1,1	1800	弹匣改装
100124111	2	M12武装二1雷达1				1	1,2,3,4,5	10,20,30,20,10	1	1,1	11241111,1		1	101	10	920001,920002,920003	1,1,1	1800	改良火控
100124121	4	M12武装二1散热器1				1	1,2,3,4,5	10,20,30,20,10	1	1,1	11241121,1		1	101	10	920001,920002,920003	1,1,1	1800	改良散热
100124131	5	M12武装二1弹夹1				1	1,2,3,4,5	10,20,30,20,10	1	1,1	11241131,1		1	101	10	920001,920002,920003	1,1,1	1800	弹匣改装
100125111	1	M12特武三1枪管2				1	1,2,3,4,5	10,20,30,20,10	1	1,1	11251111,1		1	101	10	920001,920002,920003	1,1,1	1800	强化身管
100125121	3	M12特武三1散热器2				1	1,2,3,4,5	10,20,30,20,10	1	1,1	11251121,1		1	101	10	920001,920002,920003	1,1,1	1800	供能升级
100125131	3	M12特武三1高效装置1				1	1,2,3,4,5	10,20,30,20,10	1	1,1	11251131,1		1	101	10	920001,920002,920003	1,1,1	1800	供能升级
100125211	1	M12特武三2枪管1		100120502		1	1,2,3,4,5	10,20,30,20,10	1	1,1	11252111,1		1	101	10	920001,920002,920003	1,1,1	1800	强化身管
100125221	6	M12特武三2雷达1		100120502		1	1,2,3,4,5	10,20,30,20,10	1	1,1	11252121,1		1	101	10	920001,920002,920003	1,1,1	1800	特殊弹药
100125231	3	M12特武三2散热器1		100120502		1	1,2,3,4,5	10,20,30,20,10	1	1,1	11252131,1		1	101	10	920001,920002,920003	1,1,1	1800	供能升级
