int	enum.CurrencyType[]	int[]	int[]	DropGroup[].int	DropGroup[].int	DropGroup[].bool	DropGroup[].enum.DropGroupType[]	DropGroup[].int[]	DropGroup[].int[]	DropGroup[].int[]	DropGroup[].bool[]	DropGroup[].bool[]	DropGroup[].bool[]	DropGroup[].bool[]	DropGroup[].int[][]	DropGroup[].int	DropGroup[].int	DropGroup[].bool	DropGroup[].enum.DropGroupType[]	DropGroup[].int[]	DropGroup[].int[]	DropGroup[].int[]	DropGroup[].bool[]	DropGroup[].bool[]	DropGroup[].bool[]	DropGroup[].bool[]	DropGroup[].int[][]	DropGroup[].int	DropGroup[].int	DropGroup[].bool	DropGroup[].enum.DropGroupType[]	DropGroup[].int[]	DropGroup[].int[]	DropGroup[].int[]	DropGroup[].bool[]	DropGroup[].bool[]	DropGroup[].bool[]	DropGroup[].bool[]	DropGroup[].int[][]
PKEY1	路网信用币-Gold-101,芯石-Diamond-102,舰长经验-PilotExp-103,BP经验-BPExp-104,芯石原矿-EIC-105						|道具-Item-1,货币-Currency-2,武装-Arms-3,配件-Parts-4												|External												|External								
产出ID	掉落货币列表	货币最小数量	货币最大数量	产出组1概率	产出组1产出数量	产出组1是否重复	产出组1类型	产出组1道具	产出组1各道具数量	产出组1各道具权值(-1则必然掉落)	产出组1各道具是否计入系统可获取上限	产出组1各道具是否计入周上限	产出组1武装是否随机词条	产出组1武装是否随机插槽数量	产出组1机甲默认武装配件槽	产出组2概率	产出组2产出数量	产出组2是否重复	产出组2类型	产出组2道具	产出组2各道具数量	产出组2各道具权值(-1则必然掉落)	产出组2各道具是否计入系统可获取上限	产出组2各道具是否计入周上限	产出组2武装是否随机词条	产出组2武装是否随机插槽数量	产出组2机甲默认武装配件槽	产出组3概率	产出组3产出数量	产出组3是否重复	产出组3类型	产出组3道具	产出组3各道具数量	产出组3各道具权值(-1则必然掉落)	产出组3各道具是否计入系统可获取上限	产出组3各道具是否计入周上限	产出组3武装是否随机词条	产出组3武装是否随机插槽数量	产出组3机甲默认武装配件槽
productId	dropCurrencyTypes	dropCurrencyMinCounts	dropCurrencyMaxCounts	dropGroups.probability	dropGroups.count	dropGroups.allowDuplicate	dropGroups.types	dropGroups.ItemTypes	dropGroups.ItemCounts	dropGroups.ItemProbability	dropGroups.ItemRecordSystem	dropGroups.ItemRecordWeek	dropGroups.ItemIsEntryRandom	dropGroups.ItemIsSlotsNumRandom	dropGroups.ItemDefaultSlots	dropGroups.probability	dropGroups.count	dropGroups.allowDuplicate	dropGroups.types	dropGroups.ItemTypes	dropGroups.ItemCounts	dropGroups.ItemProbability	dropGroups.ItemRecordSystem	dropGroups.ItemRecordWeek	dropGroups.ItemIsEntryRandom	dropGroups.ItemIsSlotsNumRandom	dropGroups.ItemDefaultSlots	dropGroups.probability	dropGroups.count	dropGroups.allowDuplicate	dropGroups.types	dropGroups.ItemTypes	dropGroups.ItemCounts	dropGroups.ItemProbability	dropGroups.ItemRecordSystem	dropGroups.ItemRecordWeek	dropGroups.ItemIsEntryRandom	dropGroups.ItemIsSlotsNumRandom	dropGroups.ItemDefaultSlots
-1																																							
1				1000	2		1,1	1001,100001	1,100	10,10	0,0	0,0	0,0	0,0	0|0																								
2				1000	6		1,1,1,1,1,1	1001,1002,1001,1001,1001,1001	1,2,3,4,5,6	10,10,10,10,10,10	0,0,0,0,0,0	0,0,0,0,0,0	0,0,0,0,0,0	0,0,0,0,0,0	0|0|0|0|0|0																								
3				1000	1		1	1001	2	10	0	0	0	0	0																								
4	104	100	100	1000	1		1	1003	1	10	0	0	0	0	0																								
5	104	500	500	1000	1		1	1004	1	10	0	0	0	0	0																								
6				1000	1		1	1005	5	10	0	0	0	0	0																								
7				1000	4		1,1,1,1	1005,1005,1005,1005	1,2,3,4	10,10,10,10	0,0,0,0	0,0,0,0	0,0,0,0	0,0,0,0	0|0|0|0																								
8				1000	1		1	1006	1	10	0	0	0	0	0																								
9				1000	1		1	1006	2	10	0	0	0	0	0																								
10				1000	1		1	1006	3	10	0	0	0	0	0																								
11				1000	1		1	1006	4	10	0	0	0	0	0																								
12				1000	1		1	1006	5	10	0	0	0	0	0																								
13				1000	1		1	1006	6	10	0	0	0	0	0																								
14				1000	1		1	1006	7	10	0	0	0	0	0																								
15				1000	1		1	1006	8	10	0	0	0	0	0																								
16				1000	1		1	1006	9	10	0	0	0	0	0																								
17				1000	1		1	1006	10	10	0	0	0	0	0																								
18				1000	1		1	1007	1	10	0	0	0	0	0																								
19				1000	1		1	1007	2	10	0	0	0	0	0																								
20				1000	1		1	1007	3	10	0	0	0	0	0																								
21				1000	1		1	1007	4	10	0	0	0	0	0																								
22				1000	1		1	1007	5	10	0	0	0	0	0																								
23				1000	1		1	1007	6	10	0	0	0	0	0																								
24				1000	1		1	1007	7	10	0	0	0	0	0																								
25				1000	1		1	1007	8	10	0	0	0	0	0																								
26				1000	1		1	1007	9	10	0	0	0	0	0																								
27				1000	1	1	1,1,1	100005,100005,100005	20,50,100	100,50,20	0,0,0	0,0,0	0,0,0	0,0,0	0|0|0	0	1		1,1	67,68	1,1	50,50	0,0	0,0	0,0	0,0	0|0	200	1	1	1,1,1	100005,100005,100005	20,50,100	100,50,20	0,0,0	0,0,0	0,0,0	0,0,0	0|0|0
28				1000	1		1,1,1,1,1,1,1,1	6001001,6001002,200047,200048,6001003,6001004,6001005,6001006	1,1,1,1,1,1,1,1	40,40,1,1,40,40,40,40	0,0,0,0,0,0,0,0	0,0,0,0,0,0,0,0	0,0,0,0,0,0,0,0	0,0,0,0,0,0,0,0	0|0|0|0|0|0|0|0	500	1	0	1,1,1,1,1,1,1,1,1,1,1,1,1,1,1,1,1,1	76,77,78,79,80,81,200011,200012,200013,200014,200015,200016,200017,200018,200019,200020,200021,200022	1,1,1,1,1,1,1,1,1,1,1,1,1,1,1,1,1,1	150,75,25,150,75,25,150,75,25,150,75,25,150,75,25,150,75,25	0,0,0,0,0,0,0,0,0,0,0,0,0,0,0,0,0,0	0,0,0,0,0,0,0,0,0,0,0,0,0,0,0,0,0,0	0,0,0,0,0,0,0,0,0,0,0,0,0,0,0,0,0,0	0,0,0,0,0,0,0,0,0,0,0,0,0,0,0,0,0,0	0|0|0|0|0|0|0|0|0|0|0|0|0|0|0|0|0|0	80	1		1,1,1,1,1,1,1	200040,200041,200042,200043,200044,200045,200046	1,1,1,1,1,1,1	50,50,50,50,50,50,50	0,0,0,0,0,0,0	0,0,0,0,0,0,0	0,0,0,0,0,0,0	0,0,0,0,0,0,0	0|0|0|0|0|0|0
29				1000	1		1	119	1	-1	0	0	0	0	0																								
30				1000	1		1	6001002	1	-1	0	0	0	0	0																								
31				1000	1		1	6001001	1	-1	0	0	0	0	0																								
32				1000	1		1	116	1	100	0	0	0	0	0																								
33				1000	1	1	1	116	1	100	0	0	0	0	0																								
34				1000	1	1	1	120	1	100	0	0	0	0	0																								
35				1000	1	1	1	62	1	100	0	0	0	0	0																								
36				1000	1		1,1,1,1,1,1,1	200040,200041,200042,200043,200044,200045,200046	1,1,1,1,1,1,1	50,50,50,50,50,50,50	0,0,0,0,0,0,0	0,0,0,0,0,0,0	0,0,0,0,0,0,0	0,0,0,0,0,0,0	0|0|0|0|0|0|0	1000	1		1,1,1,1,1,1,1,1,1,1,1,1	200026,200027,200028,200029,200030,200031,200032,200033,200034,200035,200036,200037	1,1,1,1,1,1,1,1,1,1,1,1	100,25,100,25,100,25,100,25,100,25,100,25	0,0,0,0,0,0,0,0,0,0,0,0	0,0,0,0,0,0,0,0,0,0,0,0	0,0,0,0,0,0,0,0,0,0,0,0	0,0,0,0,0,0,0,0,0,0,0,0	0|0|0|0|0|0|0|0|0|0|0|0	1000	1		1	100005	500	10	0	0	0	0	0
37				1000	1		2	104	1000	10	0	0	0	0	0																								
38				1000	1		2	104	2000	1	0	0	0	0	0																								
39				1000	1		2	104	1000	1	0	0	0	0	0																								
40				1000	1		2	104	4000	1	0	0	0	0	0																								
41				1000	1		1	58	1	1	0	0	0	0	0																								
42				1000	2		1,1	59,63	1,1	1,1	0,0	0,0	0,0	0,0	0|0																								
43				1000	4		1,1,1,1	200024,200051,200052,200038	1,1,1,1	1,1,1,1	0,0,0,0	0,0,0,0	0,0,0,0	0,0,0,0	0|0|0|0																								
44				1000	1	1	1	200025	1	100	0	0	0	0	0																								
45				1000	1		1	100005	1	10	0	0	0	0	0																								
46				1000	1		1,1,1,1,1,1,1,1	100010101,100010201,100010202,100010301,100010302,100010401,100010501,100010502	1,1,1,1,1,1,1,1	10,10,10,10,10,10,10,10	0,0,0,0,0,0,0,0	0,0,0,0,0,0,0,0	0,0,0,0,0,0,0,0	0,0,0,0,0,0,0,0	0|0|0|0|0|0|0|0																								
47				1000	1		1,1,1,1,1,1,1,1,1	100020101,100020102,100020103,100020201,100020301,100020502,100020401,100020402,100020501	1,1,1,1,1,1,1,1,1	10,10,10,0,10,10,10,10,10	0,0,0,0,0,0,0,0,0	0,0,0,0,0,0,0,0,0	0,0,0,0,0,0,0,0,0	0,0,0,0,0,0,0,0,0	0|0|0|0|0|0|0|0|0																								
48				1000	1		1,1,1,1,1,1	100030101,100030201,100030301,100030401,100030501,100030302	1,1,1,1,1,1	10,10,10,10,10,10	0,0,0,0,0,0	0,0,0,0,0,0	0,0,0,0,0,0	0,0,0,0,0,0	0|0|0|0|0|0																								
49				1000	1		1,1,1,1,1,1,1,1	100040101,100040201,100040301,100040302,100040401,100040402,100040501,100040502	1,1,1,1,1,1,1,1	10,10,10,10,10,10,10,10	0,0,0,0,0,0,0,0	0,0,0,0,0,0,0,0	0,0,0,0,0,0,0,0	0,0,0,0,0,0,0,0	0|0|0|0|0|0|0|0																								
50				1000	1		1,1,1,1,1,1,1,1,1	100050101,100050102,100050201,100050202,100050301,100050302,100050401,100050402,100050501	1,1,1,1,1,1,1,1,1	10,10,10,10,10,10,10,10,10	0,0,0,0,0,0,0,0,0	0,0,0,0,0,0,0,0,0	0,0,0,0,0,0,0,0,0	0,0,0,0,0,0,0,0,0	0|0|0|0|0|0|0|0|0																								
51				1000	1		1,1,1,1,1,1,1,1,1,1	100090101,100090102,100090103,100090201,100090202,100090203,100090301,100090401,100090402,100090501	1,1,1,1,1,1,1,1,1,1	10,0,0,10,0,0,10,10,0,10	0,0,0,0,0,0,0,0,0,0	0,0,0,0,0,0,0,0,0,0	0,0,0,0,0,0,0,0,0,0	0,0,0,0,0,0,0,0,0,0	0|0|0|0|0|0|0|0|0|0																								
52				1000	1		1,1,1,1,1,1,1,1,1,1	100120101,100120102,100120201,100120202,100120203,100120301,100120401,100120402,100120501,100120502	1,1,1,1,1,1,1,1,1,1	10,10,10,10,10,10,10,10,10,10	0,0,0,0,0,0,0,0,0,0	0,0,0,0,0,0,0,0,0,0	0,0,0,0,0,0,0,0,0,0	0,0,0,0,0,0,0,0,0,0	0|0|0|0|0|0|0|0|0|0																								
53				1000	1		1	600001	1	1	0	0	0	0	0																								
55				1000	2		1,1	100010201,100010202	1,1	1,1	0,0	0,0	0,0	0,0	0|0																								
56				1000	1		1	600002	1	1	0	0	0	0	0																								
57				1000	1		1	100005	500	10	0	0	0	0	0																								
58				1000	1		1	100005	1000	10	0	0	0	0	0																								
59				1000	1		1,1,1,1,1,1,1	200040,200041,200042,200043,200044,200045,200046	1,1,1,1,1,1,1	10,10,10,10,10,10,10	0,0,0,0,0,0,0	0,0,0,0,0,0,0	0,0,0,0,0,0,0	0,0,0,0,0,0,0	0|0|0|0|0|0|0																								
60				1000	1		1	200050	1	1	0	0	0	0	0																								
61				1000	1		1	200055	1	10	0	0	0	0	0																								
62																																							
63				1000	15		1,1,1,1,1,1,1,1,1,1,1,1,1,1,1	100010202,100010302,100010502,100020202,100020302,100020402,100020502,100030102,100030202,100030302,100030303,100040302,100040402,100040502,100020102	1,1,1,1,1,1,1,1,1,1,1,1,1,1,1	1,1,1,1,1,1,1,1,1,1,1,1,1,1,1	0,0,0,0,0,0,0,0,0,0,0,0,0,0,0	0,0,0,0,0,0,0,0,0,0,0,0,0,0,0	0,0,0,0,0,0,0,0,0,0,0,0,0,0,0	0,0,0,0,0,0,0,0,0,0,0,0,0,0,0	||||||||||||||	1000	17		1,1,1,1,1,1,1,1,1,1,1,1,1,1,1,1,1	100050102,100050202,100050302,100050403,100090102,100090103,100090202,100090203,100090302,100090402,100090502,100090503,100120102,100120202,100120203,100120402,100120502	1,1,1,1,1,1,1,1,1,1,1,1,1,1,1,1,1	1,1,1,1,1,1,1,1,1,1,1,1,1,1,1,1,1	0,0,0,0,0,0,0,0,0,0,0,0,0,0,0,0,0	0,0,0,0,0,0,0,0,0,0,0,0,0,0,0,0,0	0,0,0,0,0,0,0,0,0,0,0,0,0,0,0,0,0	0,0,0,0,0,0,0,0,0,0,0,0,0,0,0,0,0	1,2,3|||||||||||||1,2,3|||1,2,3												
64				1000	12		1,1,1,1,1,1,1,1,1,1,1,1	100011111,100011121,100011131,100021111,100021121,100021131,100031111,100031121,100031131,100034111,100034121,100034131	1,1,1,1,1,1,1,1,1,1,1,1	1,1,1,1,1,1,1,1,1,1,1,1	0,0,0,0,0,0,0,0,0,0,0,0	0,0,0,0,0,0,0,0,0,0,0,0	0,0,0,0,0,0,0,0,0,0,0,0	0,0,0,0,0,0,0,0,0,0,0,0	|||||||||||	1000	12		1,1,1,1,1,1,1,1,1,1,1,1	100041111,100041121,100041131,100045111,100045121,100045131,100051111,100051121,100051131,100051211,100051221,100051231	1,1,1,1,1,1,1,1,1,1,1,1	1,1,1,1,1,1,1,1,1,1,1,1	0,0,0,0,0,0,0,0,0,0,0,0	0,0,0,0,0,0,0,0,0,0,0,0	0,0,0,0,0,0,0,0,0,0,0,0	0,0,0,0,0,0,0,0,0,0,0,0	|||||||||||	1000	9		1,1,1,1,1,1,1,1,1	100091111,100091121,100091131,100092111,100092121,100092131,100094111,100094121,100094131	1,1,1,1,1,1,1,1,1	1,1,1,1,1,1,1,1,1	0,0,0,0,0,0,0,0,0	0,0,0,0,0,0,0,0,0	0,0,0,0,0,0,0,0,0	0,0,0,0,0,0,0,0,0	||||||||
65				1000	15		1,1,1,1,1,1,1,1,1	100121111,100121121,100121131,100122211,100122221,100122231,100125211,100125221,100125231	1,1,1,1,1,1,1,1,1	1,1,1,1,1,1,1,1,1	0,0,0,0,0,0,0,0,0	0,0,0,0,0,0,0,0,0	0,0,0,0,0,0,0,0,0	0,0,0,0,0,0,0,0,0	||||||||																								
1001				1000	3	0	1,1,1	58,59,61	1,1,1	1,1,1	0,0,0	0,0,0	0,0,0	0,0,0	0|0|0																								
1002	101	100	1000																																				
1003	101,102,103,104	100,10,5,2	100,10,5,2																																				
1004				1000	2	0	1,1	58,59	1,1	1,1	0,0	0,0	0,0	0,0	0|0	1000	1	0	1	61	1	1	0	0	0	0	0	1000	1	0	1	63	1	1	0	0	0	0	0
1005				1000	3	0	1,1,1,1,1,1	58,59,61,63,64,65	1,1,1,1,1,1	50,50,50,50,50,50	0,0,0,0,0,0	0,0,0,0,0,0	0,0,0,0,0,0	0,0,0,0,0,0	0|0|0|0|0|0																								
1006				500	1	0	1,1	58,59	1,1	10,10	0,0	0,0	0,0	0,0	0|0	500	1	0	1,1	61,63	1,1	10,10	0,0	0,0	0,0	0,0	0|0	500	1	0	1,1	64,65	1,1	10,10	0,0	0,0	0,0	0,0	0|0
1007	101	10	1000	1000	1	0	1,1	58,59	1,1	10,10	0,0	0,0	0,0	0,0	0|0	500	1	0	1,1	61,63	1,1	100,100	0,0	0,0	0,0	0,0	0|0	1000	1	0	1	64	1	1	0	0	0	0	0
1008				1000	100	1	1,1,1	58,59,61	1,1,1	10,10,10	0,0,0	0,0,0	0,0,0	0,0,0	0|0|0																								
1009				1000	1000	1	1,1	58,59	1,1	900,100	0,0	0,0	0,0	0,0	0|0																								
700001				1000	2		1,1	930001,931001	100,100	1,1	0,0	0,0	0,0	0,0	0|0																								
700002				1000	16		1,1,1,1,1,1,1,1,1,1,1,1,1,1,1,1	910001,910002,910003,910004,910005,910006,910007,910008,910009,910011,910012,910010,910013,910014,910015,910016	100,100,100,100,100,100,100,100,100,100,100,100,100,100,100,100	1,1,1,1,1,1,1,1,1,1,1,1,1,1,1,1	0,0,0,0,0,0,0,0,0,0,0,0,0,0,0,0	0,0,0,0,0,0,0,0,0,0,0,0,0,0,0,0	0,0,0,0,0,0,0,0,0,0,0,0,0,0,0,0	0,0,0,0,0,0,0,0,0,0,0,0,0,0,0,0	0|0|0|0|0|0|0|0|0|0|0|0|0|0|0|0																								
700003				1000	3		1,1,1	920001,920002,920003	100,100,100	1,1,1	0,0,0	0,0,0	0,0,0	0,0,0	0|0|0																								
700004				1000	1		1	800001	1000	1	0	0	0	0	0																								
700005				1000	8		1,1,1,1,1,1,1,1	100010101,100010201,100010202,100010301,100010302,100010401,100010501,100010502	1,1,1,1,1,1,1,1	1,1,1,1,1,1,1,1	0,0,0,0,0,0,0,0	0,0,0,0,0,0,0,0	0,0,0,0,0,0,0,0	0,0,0,0,0,0,0,0	0|0|0|0|0|0|0|0																								
700006				1000	1		2	101	1000	1	0	0	0	0	0																								
700007				1000	1		2	101	5000	1	0	0	0	0	0																								
