int	LangText	enum.ItemType	enum.ItemQuality	enum.BagType	bool	int	int	bool	float	int	float	float	DateTime	DateTime	bool	uint	uint[][]	float	float	ItemUse[].enum.EditorItemUseType	ItemUse[].string[]	enum.UseTargetType	int[]	enum.BindingType	bool	bool	int	int	float	bool	bool	bool	bool	int	bool	string	enum.BagJumpType	bool	bool	int	int	int[]	float	bool	int
PKEY1		战术-Battle-1,任务-Task-2,零件-ArmedParts-3,货币-Currency-4,武装-MechaParts-5,芯片-Core-6,机甲-Mecha-7	White-1,Green-2,Blue-3,Purple-4	External																|使用技能-Skill-1,货币加成-CurrencyAddition-2,驾驶员经验道具-PilotExp-3,舰长经验道具-MasterExp-4,获得货币-CurrencyItem-5,芯片-Chip-6,掉落道具-DropItem-7,获得机甲-AddMecha-8,获得DIY素材-AddDiyMaterial-9,获得BUFF-AddBuff-10,扩容背包-AddGridCount-11,接取任务-GetQuest-12		账号-user-1,角色-player-2		None-1,Account-2,Mecha-3													无-None-0,驾驶员-Pilot-1,研发材料-Develop-2								
道具编号	道具名称	类型	品质	背包页	是否可以堆叠	最大叠加数量	最大可拥有的数量	是否可以丢弃	冷却时间(-1表示不限制)	冷却类型	类型冷却时间	有效时间(-1表示不限制)	开始生效日期	结束生效日期	(进入背包时)是否自动使用	技能	技能组	死亡掉落概率	死亡掉落数量(%)	道具使用方法1.使用技能	道具使用参数	道具使用目标类型	可以使用的机甲	绑定类型	是否可出售	是否可邮寄	价格	BuffId	Buff持续时间	是否可以带出战场	是否可以使用	出售是否计入周上限	出售是否计入系统获取上限	丢弃道具doodad配置id	客户端是否展示	仓库跳转标题	仓库跳转类型	是否可上交易	是否可以在场景里使用	小图标ID	大图标ID	装备BUFF	局内道具使用CD	是否可快捷装备	初始可邮寄次数(堆叠道具不生效)
id	name	type	quality	bagPageType	stackable	maxNumOfStack	maxNumOwned	canGiveUp	coolDownTime	typeCoolDown	typeCoolDownTime	effectiveTime	beginEffectiveDate	endEffectiveDate	isAutoUse	skillId	skillGroup	dropOnDeathProbability	dropCountPercent	itemUse.useType	itemUse.useParam	useTargetType	usableMechas	bindingType	sellable	mailable	price	buffId	buffDurationTime	canTakeAway	canUse	isWeekLimit	isSystemLimit	doodadDefinition	isShowInClient	bagJumpTitle	bagJumpType	canOnShelf	canUseInWar	smallIconId	bigIconId	equipBuffs	warItemCD	canQuickEquip	mailableNum
58	测试道具1	1	2	1	1	-1	-1	1	-1			-1								1		1		2	1		100				0						0			20002					
59	舰长经验药	1	2	1	1	-1	-1	1	-1			-1								4	100	1		2	1		100				1									20002					
61	钻石点券道具	1	1	1	1	-1	-1	1	-1			-1								5	102,100,0,0	1		1							1									20002					
63	舰长经验加成卡 x1.3	1	1	1	1	-1	-1	1	-1			-1								2	103,30,4	1		1							1									20002					
64	金币加成卡 x1.5	1	1	1	1	-1	-1	1	-1			-1								2	101,50,4	1		1							1									20002					
69	掉落道具	1	1	1	1	-1	-1	1	-1			-1			1					7	1001	1		1							1									20002					
70	掉落道具2	1	1	1	1	-1	-1	1	-1			-1			1					7	1002	1		1							1									20002					
71	掉落道具3	1	1	1	1	-1	-1	1	-1			-1			1					7	1003	1		1							1									20002					
72	掉落道具4	1	1	1	1	-1	-1	1	-1			-1			1					7	1005	1		1							1									20002					
73	掉落道具5	1	1	1	1	-1	-1	1	-1			-1			1					7	1008	1		1							1									20002					
74	掉落道具6	1	1	1	1	-1	-1	1	-1			-1			1					7	1009	1		1							1									20002					
76	实用芯片·攻击	6	1	2	0	1	6	1	-1			-1								6		1		1	0									618						20006	20006				
77	强化芯片·攻击	6	1	2	0	1	3	1	-1			-1								6		1		1										618						20006	20006				
78	高敏芯片·攻击	6	2	2	0	1	2	1	-1			-1								6		1		1										618						20006	20006				
79	实用芯片·框架	6	1	2	0	1	6	1	-1			-1								6		1		1						0				622						20007	20007				
80	强化芯片·框架	6	1	2	0	1	3	1	-1			-1								6		1		1										622						20007	20007				
81	高敏芯片·框架	6	2	2	0	1	2	1	-1			-1								6		1		1										622						20007	20007				
116	矿物	1	1	1	1	1	1	0	-1			-1			0			0	0	1		1																		1	1				
1001	测试道具	1	1	1	1	-1	-1	1	-1			-1								1		1		1						1										20010					
1002	测试道具2	1	1	1	1	-1	-1	1	-1			-1								1		1		1																1					
1003	每日任务道具	1	1	2	1	-1	-1	1	-1			-1								2		1		1																20002					
1004	每周任务道具	1	2	2	1	-1	-1	1	-1			-1								2		1		1																20002					
1005	主线任务道具	1	1	2	1	-1	-1	1	-1			-1								2		1		1																20002					
1006	BP奖励道具	1	1	2	1	-1	-1	1	-1			-1								2		1		1																20002					
1007	舰长升级奖励道具	1	1	2	1	-1	-1	1	-1			-1								3	100	1		1							1									20002					
100001	路网信用币	1	1	1	1	100	100	1	-1			-1								1		1		1																20011					
100002	芯石	1	1	1	1	1	1		-1			-1								1		1		1																20012					
100003	舰长经验	1	1	1	1	1	1		-1			-1										1		1																20002					
100004	BP经验	1	1	1	1	1	1		-1			-1										1		1																20002					
100005	芯石原矿	4	1	1	1	9999	99999		-1			-1										1		1										111010126				1		80006	80006				
200001	强化枪管1型	3	1	1	0	1	1000	1	-1			-1								1		1		1																20045					
200002	强化枪管2型	3	1	1	0	1	1000	1	-1			-1								1		1		1																20045					
200003	武装物资签收单	1	4	1	1	-1	-1		-1			-1			1					7	63	1		1																20015					
200004	配件物资签收单	1	4	1	1	-1	-1		-1			-1			1					7	64	1		1																20015					
200005	追加配件签收单	1	4	1	1	-1	-1		-1			-1			1					7	65	1		1																20015					
200010	晶体引擎	1	1	0	0	1	9999		-1			-1								7	36	1		1							1									20016	20016				
200011	实用芯片·机动	6	1	2	0	1	6	1	-1			-1								6		1		1						0				623						20017	20017				
200012	强化芯片·机动	6	1	2	0	1	3	1	-1			-1								6		1		1										623						20017	20017				
200013	高敏芯片·机动	6	2	2	0	1	2	1	-1			-1								6		1		1										623						20017	20017				
200014	实用芯片·功率	6	1	2	0	1	6	1	-1			-1								6		1		1						0				621						20018	20018				
200015	强化芯片·功率	6	1	2	0	1	3	1	-1			-1								6		1		1										621						20018	20018				
200016	高敏芯片·功率	6	2	2	0	1	2	1	-1			-1								6		1		1										621						20018	20018				
200017	实用芯片·护盾	6	1	2	0	1	6	1	-1			-1								6		1		1						0				619						20019	20019				
200018	强化芯片·护盾	6	1	2	0	1	3	1	-1			-1								6		1		1										619						20019	20019				
200019	高敏芯片·护盾	6	2	2	0	1	2	1	-1			-1								6		1		1										619						20019	20019				
200020	实用芯片·供能	6	1	2	0	1	6	1	-1			-1								6		1		1						0				620						20020	20020				
200021	强化芯片·供能	6	1	2	0	1	3	1	-1			-1								6		1		1										620						20020	20020				
200022	高敏芯片·供能	6	2	2	0	1	2	1	-1			-1								6		1		1										620						20020	20020				
200024	恩赫里亚	1	1	1	1	-1	-1		-1			-1								1		1		1																20022					
200026	特制芯片·攻击	6	3	2	0	1	1	1	-1			-1								6		1		1										618						20006	20006				
200027	解限芯片·攻击	6	4	2	0	1	1	1	-1			-1								6		1		1										618						20006	20006				
200028	特制芯片·框架	6	3	2	0	1	1	1	-1			-1								6		1		1										622						20007	20007				
200029	解限芯片·框架	6	4	2	0	1	1	1	-1			-1								6		1		1										622						20007	20007				
200030	特制芯片·机动	6	3	2	0	1	1	1	-1			-1								6		1		1										623						20017	20017				
200031	解限芯片·机动	6	4	2	0	1	1	1	-1			-1								6		1		1										623						20017	20017				
200032	特制芯片·功率	6	3	2	0	1	1	1	-1			-1								6		1		1										621						20018	20018				
200033	解限芯片·功率	6	4	2	0	1	1	1	-1			-1								6		1		1										621						20018	20018				
200034	特制芯片·护盾	6	3	2	0	1	1	1	-1			-1								6		1		1										619						20019	20019				
200035	解限芯片·护盾	6	4	2	0	1	1	1	-1			-1								6		1		1										619						20019	20019				
200036	特制芯片·供能	6	3	2	0	1	1	1	-1			-1								6		1		1										620						20020	20020				
200037	解限芯片·供能	6	4	2	0	1	1	1	-1			-1								6		1		1										620						20020	20020				
200038	漆黑星辰	1	1	1	1	1	1		-1			-1								1		1		1																20023					
200039	测试赤霄研发配置	7	1	1	1	-1	-1		-1			-1			1					8	61004	1		1							1									20024					
200040	武装箱·矛隼	1	2	0	0	1	99	1	-1			-1			0			0	0	7	46	1						111010129	1	1	1			869						101	101				
200041	武装箱·恩赫里亚	1	2	0	0	1	99	1	-1			-1			0			0	0	7	47	1						111010129	1	1	1			870						102	102				
200042	武装箱·龙渊	1	2	0	0	1	99	1	-1			-1			0			0	0	7	48	1						111010129	1	1	1			871						103	103				
200043	武装箱·三角龙	1	2	0	0	1	99	1	-1			-1			0			0	0	7	49	1						111010129	1	1	1			872						104	104				
200044	武装箱·鸣神	1	2	0	0	1	99	1	-1			-1			0			0	0	7	50	1						111010129	1	1	1			873						105	105				
200045	武装箱·德拉姆	1	2	0	0	1	99	1	-1			-1			0			0	0	7	51	1						111010129	1	1	1			874						109	109				
200046	武装箱·赤霄	1	2	0	0	1	99	1	-1			-1			0			0	0	7	52	1						111010129	1	1	1			875						112	112				
200047	芯片扩展插槽	1	1	0	0	1	3	1	-1			-1			1					11	2,1	1		1							1			877					1	20025	20025				
200048	装置挂接单元	1	1	0	0	1	3	1	-1			-1			1					11	0,1	1		1							1			863					1	20026	20026				
200049	精英级别箱子	1	2	0	0	1	99	0	-1			-1			1			0	0	7	59	1						111010129	1	1	0			889					1	20009	20009				
200050	任务获得删除doodad道具	1	1	1	1	-1	-1		-1			-1			1							1		1							0								1						
200051	追星者的雄飞	1	1	1	1	-1	-1	1	-1			-1										1		1																40026					
200052	不斩败者	1	1	1	1	-1	-1	1	-1			-1										1		1																20027					
200053	徽章_测试	1	1	1	1	-1	-1	1	-1			-1										1		1																20028					
200054	佣金订单：通缉	1	2	0	0	1	1	1	-1			-1			1					12	344	1		1							1			930					1	20029	20029				
200055	启动推车玩法	2	1	1	1	9999	9999		-1			-1			0							1		1							0														
220005	驾驶员升级消耗道具	1	1	1	1	-1	-1	1	-1			-1										1		1	1		1													20030					
600001	徽章贴花奖励1	1	2	1	1	-1	-1		-1			-1			1					9	2,1	1		1											1					20031					
600002	徽章贴花奖励2	1	3	1	1	-1	-1		-1			-1			1					9	2,2	1		1											1					20032					
611001	长空徽章	1	1	1	1	-1	-1	1	-1			-1										1		1																40002					
611002	骑士徽章	1	1	1	1	-1	-1	1	-1			-1										1		1																40005					
611003	玄甲徽章	1	1	1	1	-1	-1	1	-1			-1										1		1																40008					
611004	战车徽章	1	1	1	1	-1	-1	1	-1			-1										1		1																40011					
611005	梓弓徽章	1	1	1	1	-1	-1	1	-1			-1										1		1																40014					
611006	战鼓徽章	1	1	1	1	-1	-1	1	-1			-1										1		1																40017					
611007	烁金徽章	1	1	1	1	-1	-1	1	-1			-1										1		1																40020					
612001	密斯之眼	1	1	1	1	-1	-1	1	-1			-1										1		1																40026					
612002	日落尘沙	1	1	1	1	-1	-1	1	-1			-1										1		1																40028					
612003	边境山脉	1	1	1	1	-1	-1	1	-1			-1										1		1																40030					
612004	芯石之争	1	1	1	1	-1	-1	1	-1			-1										1		1																40032					
612005	复苏纪元	1	1	1	1	-1	-1	1	-1			-1										1		1																40034					
612006	启航时刻	1	1	1	1	-1	-1	1	-1			-1										1		1																40036					
613001	新人舰长	1	1	1	1	-1	-1	1	-1			-1										1		1																20027					
613002	奇迹之子	1	1	1	1	-1	-1	1	-1			-1										1		1																20027					
613003	王牌机师	1	2	1	1	-1	-1	1	-1			-1										1		1																20027					
613004	破局者	1	1	1	1	-1	-1	1	-1			-1										1		1																20027					
613005	孤胆英雄	1	2	1	1	-1	-1	1	-1			-1										1		1																20027					
613006	命定克星	1	2	1	1	-1	-1	1	-1			-1										1		1																20027					
613007	幻影对阵师	1	2	1	1	-1	-1	1	-1			-1										1		1																20027					
613008	钢铁咆哮	1	2	1	1	-1	-1	1	-1			-1										1		1																20027					
613009	战术格挡家	1	2	1	1	-1	-1	1	-1			-1										1		1																20027					
613010	格斗家	1	2	1	1	-1	-1	1	-1			-1										1		1																20027					
613011	精英僚机	1	2	1	1	-1	-1	1	-1			-1										1		1																20027					
613012	战场主宰	1	3	1	1	-1	-1	1	-1			-1										1		1																20027					
613013	哀悼者	1	3	1	1	-1	-1	1	-1			-1										1		1																20027					
613014	驱逐王	1	2	1	1	-1	-1	1	-1			-1										1		1																20027					
613015	战局终结者	1	2	1	1	-1	-1	1	-1			-1										1		1																20027					
613016	终局胜者	1	2	1	1	-1	-1	1	-1			-1										1		1																20027					
613017	决胜先锋	1	3	1	1	-1	-1	1	-1			-1										1		1																20027					
613018	雷霆之师	1	3	1	1	-1	-1	1	-1			-1										1		1																20027					
613019	求生大师	1	2	1	1	-1	-1	1	-1			-1										1		1																20027					
613020	完美收割者	1	3	1	1	-1	-1	1	-1			-1										1		1																20027					
613021	不屈勇者	1	2	1	1	-1	-1	1	-1			-1										1		1																20027					
613022	必胜先手	1	2	1	1	-1	-1	1	-1			-1										1		1																20027					
613023	无尽怒涛	1	2	1	1	-1	-1	1	-1			-1										1		1																20027					
613024	无尽雷霆	1	3	1	1	-1	-1	1	-1			-1										1		1																20027					
613025	战争机器	1	3	1	1	-1	-1	1	-1			-1										1		1																20027					
613026	战场清理者	1	2	1	1	-1	-1	1	-1			-1										1		1																20027					
613027	传奇机师	1	3	1	1	-1	-1	1	-1			-1										1		1																20027					
613028	最强僚机	1	2	1	1	-1	-1	1	-1			-1										1		1																20027					
613029	胜利之星	1	3	1	1	-1	-1	1	-1			-1										1		1																20027					
613030	胜仗专员	1	2	1	1	-1	-1	1	-1			-1										1		1																20027					
613031	超级驾驶员	1	2	1	1	-1	-1	1	-1			-1										1		1																20027					
613032	战术执行官	1	1	1	1	-1	-1	1	-1			-1										1		1																20027					
613033	战地双子星	1	2	1	1	-1	-1	1	-1			-1										1		1																20027					
613034	战斗信使	1	2	1	1	-1	-1	1	-1			-1										1		1																20027					
613035	拦截者	1	2	1	1	-1	-1	1	-1			-1										1		1																20027					
613036	最终赢家	1	2	1	1	-1	-1	1	-1			-1										1		1																20027					
613037	沙色三连星	1	2	1	1	-1	-1	1	-1			-1										1		1																20027					
613038	天降之师	1	3	1	1	-1	-1	1	-1			-1										1		1																20027					
613039	征服者	1	2	1	1	-1	-1	1	-1			-1										1		1																20027					
613040	不动之军	1	2	1	1	-1	-1	1	-1			-1										1		1																20027					
613041	战阵之主	1	3	1	1	-1	-1	1	-1			-1										1		1																20027					
613042	绝对掌控者	1	3	1	1	-1	-1	1	-1			-1										1		1																20027					
613043	游击者	1	2	1	1	-1	-1	1	-1			-1										1		1																20027					
613044	拯救者	1	2	1	1	-1	-1	1	-1			-1										1		1																20027					
613045	机动战术家	1	2	1	1	-1	-1	1	-1			-1										1		1																20027					
613046	拆卸专家	1	2	1	1	-1	-1	1	-1			-1										1		1																20027					
613047	尘屑清除者	1	3	1	1	-1	-1	1	-1			-1										1		1																20027					
613048	阵地守备者	1	2	1	1	-1	-1	1	-1			-1										1		1																20027					
613049	路网掌控者	1	3	1	1	-1	-1	1	-1			-1										1		1																20027					
613050	列车长	1	2	1	1	-1	-1	1	-1			-1										1		1																20027					
613051	苍穹猎手	1	3	1	1	-1	-1	1	-1			-1										1		1																20027					
613052	侦查先锋	1	3	1	1	-1	-1	1	-1			-1										1		1																20027					
613053	维修专家	1	2	1	1	-1	-1	1	-1			-1										1		1																20027					
613054	神之手	1	3	1	1	-1	-1	1	-1			-1										1		1																20027					
613055	外场游击手	1	2	1	1	-1	-1	1	-1			-1										1		1																20027					
613056	魔弹射手	1	3	1	1	-1	-1	1	-1			-1										1		1																20027					
613057	轻骑兵	1	3	1	1	-1	-1	1	-1			-1										1		1																20027					
700001	驾驶员礼包	1	1	1	1	-1	-1		-1			-1			1					7	700001	1		1							0														
700002	武装研发礼包	1	1	1	1	-1	-1		-1			-1			1					7	700002	1		1							0														
700003	配件研发礼包	1	1	1	1	-1	-1		-1			-1			1					7	700003	1		1																					
700004	抽奖道具礼包	1	1	1	1	-1	-1		-1			-1			1					7	700004	1		1																					
700005	矛隼整备套装	1	1	1	1	-1	-1		-1			-1			1					7	700005	1		1																					
700006	中级信用币礼包	1	1	1	1	-1	-1		-1			-1			1					7	700006	1		1																					
700007	高级信用币礼包	1	1	1	1	-1	-1		-1			-1			1					7	700007	1		1																					
700008	信用币兑换	1	4	1	1	-1	-1		-1			-1			1					5	101,5000,0,0	1		1																20011					
800001	奖池2抽卡道具	1	1	1	1	-1	-1	1	-1			-1										1		1			100													20002					
900001	测试赤霄核心道具	1	1	1	1	-1	-1	1	-1			-1								1		1		1	1		1													20002					
900002	德拉姆核心道具	1	1	1	1	-1	-1	1	-1			-1								1		1		1	1		1													20033					
900003	德拉姆研发配置	7	1	1	1	-1	-1		-1			-1			1					8	10009	1		1							1									20024					
910001	高能聚合装药	1	3	1	1	-1	-1	1	-1			-1										1		1	1		1					0	0			研发	2	1		20033					
910002	电磁同步线圈	1	3	1	1	-1	-1	1	-1			-1										1		1	1		1					0	0			研发	2	1		20033					
910003	超导压缩磁镜	1	3	1	1	50	100	1	-1			-1										1		1	1		1					0	0			研发	2	1		20033					
910004	速燃火箭引擎	1	3	1	1	-1	-1	1	-1			-1										1		1	1		1					0	0			研发	2	1		20033					
910005	感应复合材料	1	3	1	1	-1	-1	1	-1			-1										1		1	1		1					0	0			研发	2	1		20033					
910006	护盾调谐回路	1	3	1	1	-1	-1	1	-1			-1										1		1	1		1					0	0			研发	2	1		20033					
910007	电战演算芯片	1	3	1	1	-1	-1	1	-1			-1										1		1	1		1					0	0			研发	2	1		20033					
910008	蜂群决策核心	1	3	1	1	-1	-1	1	-1			-1										1		1	1		1					0	0			研发	2	1		20033					
910009	精密重载伺服	1	3	1	1	-1	-1	1	-1			-1										1		1	1		1					0	0			研发	2	1		20033					
910010	增幅同步器件	1	3	1	1	-1	-1	1	-1			-1										1		1	1		1					0	0			研发	2	1		20033					
910011	标准控制接口	1	2	1	1	-1	-1	1	-1			-1										1		1	1		1					0	0			研发	2	1		20033					
910012	感应通信链路	1	2	1	1	-1	-1	1	-1			-1										1		1	1		1					0	0			研发	2	1		20033					
910013	综合能源管线	1	2	1	1	-1	-1	1	-1			-1										1		1	1		1					0	0			研发	2	1		20033					
910014	补偿控制模块	1	2	1	1	-1	-1	1	-1			-1										1		1	1		1					0	0			研发	2	1		20033					
910015	轻型开发物料	1	1	1	1	-1	-1	1	-1			-1										1		1	1		1					0	0			研发	2	1		20034					
910016	重型开发物料	1	1	1	1	-1	-1	1	-1			-1										1		1	1		1					0	0			研发	2	1		20034					
920001	配件研发道具1	1	1	1	1	-1	-1	1	-1			-1										1		1	1		1									研发	2			20033					
920002	配件研发道具2	1	1	1	1	-1	-1	1	-1			-1										1		1	1		1									研发	2			20034					
920003	配件研发道具3	1	1	1	1	-1	-1	1	-1			-1										1		1	1		1									研发	2			20015					
930001	驾驶员手册	1	2	1	1	50	100		-1			-1										1		1	1		100									升级	1	1		20015					
931001	驾驶员操作手册	1	2	1	1	-1	-1	1	-1			-1								3	100	1		2	1		100				1					升级	1	1		20015					
6001001	维修无人机	1	2	7	0	1	6	1	-1			-1			0		1527,1630,1631|33,34,33	0	0	1		1				0		111010115		0	1			111010122					1	20003	20003	1738		1	
6001002	增设推进器	1	2	7	0	1	6	1	-1			-1			0		1644|100	0	0	1		1						337		0	1			111010124					1	20004	20004	1738		1	
6001003	机载尘屑散布器	1	1	7	0	1	6	1	-1			-1								1		1		2	1		100							111010124					1	20029		1738		1	
6001004	追踪无人机	1	1	7		1	6	1	-1			-1								1		1		2	1		100							111010124					1	20037		1738		1	
6001005	自爆引导模块	1	2	7		1	6	1	-1			-1								1		1		2	1		100							111010124						20050		1738		1	
6001006	外置解限模块	1	1	7		1	6	1	-1			-1								1		1		2	1		100							111010124					1	20055		1738		1	
100010101	“雨燕”速射炮	5	1	0		1	9999	1	-1			-1										1		2	1		100											1		20035					
100010102	连射机枪	5	1	0		1	9999	1	-1			-1										1		2	1		100											1		20029					
100010201	“胡蜂”轻型导弹	5	1	0		1	9999	1	-1			-1										1		2	1		100													20036					
100010202	“山猫”火箭发射器	5	1	0		1	9999	1	-1			-1										1		2	1		100													20002					
100010301	“全视之眼”侦查模块	5	1	0		1	9999	1	-1			-1										1		2	1		100													20037					
100010302	“啄木鸟”维修无人机	5	1	0		1	9999	1	-1			-1										1		2	1		100													20038					
100010401	“瓦尔文”战术变形系统	5	1	0		1	9999	1	-1			-1										1		2	1		100													20039					
100010501	“雷鸟”重型导弹	5	1	0		1	9999	1	-1			-1										1		2	1		100													20040					
100010502	“射水鱼”浮雷布设器	5	1	0		1	9999	1	-1			-1										1		2	1		100													20041					
100010503	“椋鸟”导弹布撒器	5	1	0		1	9999	1	-1			-1										1		2	1		100													20152					
100010601	头部1	5	1	0		1	9999	1	-1			-1										1		2	1		100											1		20025					
100010701	手臂1	5	1	0		1	9999	1	-1			-1										1		2	1		100													20042					
100010801	身躯1	5	1	0		1	9999	1	-1			-1										1		2	1		100													20026					
100010901	腿部1	5	1	0		1	9999	1	-1			-1										1		2	1		100													20043					
100011001	背部1	5	1	0		1	9999	1	-1			-1										1		2	1		100													20044					
100011111	精密身管“雨燕”	3	1	1	0	1	1000	1	-1			-1								1		1		1	1		100											1		20045					
100011121	增强解算单元“雨燕”	3	1	1	0	1	1000	1	-1			-1								1		1		1	1		100													20046					
100011131	大型弹匣“雨燕”	3	1	1	0	1	1000	1	-1			-1								1		1		1	1		100													20047					
100020101	“银斛”高速近防炮	5	1	0		1	9999	1	-1			-1										1		2	1		100													20048					
100020102	“加姆班泰因” 大剑	5	1	0		1	9999	1	-1			-1										1		2	1		100													20049					
100020103	“库里奇”霰弹炮	5	2	0		1	9999	1	-1			-1										1		2	1		100													20050					
100020104	骑士长矛	5	1	0	0	1	9999	1	-1			-1										1		2	1		100													20049					
100020201	“加姆班泰因” 大剑	5	1	0		1	9999	1	-1			-1										1		2	1		100													20049					
100020202	“古尔薇格”模块化护盾	5	1	0		1	9999	1	-1			-1										1		2	1		100													20051					
100020301	“缚狼索”火箭锚爪	5	1	0		1	9999	1	-1			-1										1		2	1		100													20052					
100020302	“杜华林”感应脉冲导弹	5	1	0	0	1	9999	1	-1			-1										1		2	1		100													20053					
100020303	“阿尔贝里希”信标无人机	5	1	0	0	1	9999	1	-1			-1										1		2	1		100													20156					
100020401	“塔因海姆”幻影系统	5	1	0		1	9999	1	-1			-1										1		2	1		100													20054					
100020402	“斯库尔”光学迷彩	5	1	0		1	9999	1	-1			-1										1		2	1		100													20055					
100020403	解限指令“骑士”	5	1	0		1	9999	1	-1			-1										1		2	1		100													20149					
100020501	“斯莱普尼尔”感应刺针	5	1	0		1	9999	1	-1			-1										1		2	1		100													20056					
100020502	“斯瓦林”强化型流体护盾	5	1	0		1	9999	1	-1			-1										1		2	1		100													20057					
100020601	头部1	5	1	0		1	9999	1	-1			-1										1		2	1		100													20025					
100020701	手臂1	5	1	0		1	9999	1	-1			-1										1		2	1		100													20042					
100020801	身躯1	5	1	0		1	9999	1	-1			-1										1		2	1		100													20026					
100020901	腿部1	5	1	0		1	9999	1	-1			-1										1		2	1		100													20043					
100021001	背部1	5	1	0		1	9999	1	-1			-1										1		2	1		100													20044					
100021111	精密身管“银斛”	3	1	1	0	1	1000	1	-1			-1								1		1		1	1		100													20058					
100021121	辅助火控单元“银斛”	3	1	1	0	1	1000	1	-1			-1								1		1		1	1		100													20059					
100021131	大型弹匣“银斛”	3	1	1	0	1	1000	1	-1			-1								1		1		1	1		100													20060					
100022111	M2手武器刀表现测试	3	1	1	0	1	1000	1	-1			-1								1		1		1	1		100													20013					
100022121	M2手武器刀把喷口表现测试	3	1	1	0	1	1000	1	-1			-1								1		1		1	1		100													20013					
100022131	M2手武器增幅装置表现测试	3	1	1	0	1	1000	1	-1			-1								1		1		1	1		100													20013					
100030101	“穿林”能量炮	5	1	0		1	9999	1	-1			-1										1		2	1		100													20061					
100030102	“陨火”突击炮	5	1	0		1	9999	1	-1			-1										1		2	1		100													20062					
100030201	“青崖”模块化护盾	5	1	0		1	9999	1	-1			-1										1		2	1		100													20063					
100030202	“陨火”突击炮	5	1	0		1	9999	1	-1			-1										1		2	1		100													20062					
100030301	“藏锋”热能剑	5	1	0		1	9999	1	-1			-1										1		2	1		100													20064					
100030302	“翼虎”高机动组件	5	1	0		1	9999	1	-1			-1										1		2	1		100													20065					
100030303	“长缨”火控模块	5	1	0		1	9999	1	-1			-1										1		2	1		100													20066					
100030401	“浇石”重型电磁炮	5	1	0		1	9999	1	-1			-1										1		2	1		100													20067					
100030402	长距离狙击炮	5	1	0		1	9999	1	-1			-1										1		2	1		100													20067					
100030403	“铁狼”炮击无人机	5	1	0		1	9999	1	-1			-1										1		2	1		100													20147					
100030501	“气海”力场护盾无人机	5	1	0		1	9999	1	-1			-1										1		2	1		100													20068					
100030502	“百战”空投组件	5	1	0		1	9999	1	-1			-1										1		2	1		100													30103					
100030601	头部1	5	1	0		1	9999	1	-1			-1										1		2	1		100													20025					
100030701	手臂1	5	1	0		1	9999	1	-1			-1										1		2	1		100													20042					
100030801	身躯1	5	1	0		1	9999	1	-1			-1										1		2	1		100													20026					
100030901	腿部1	5	1	0		1	9999	1	-1			-1										1		2	1		100													20043					
100031001	背部1	5	1	0		1	9999	1	-1			-1										1		2	1		100													20044					
100031111	收束身管“穿林”	3	1	1	0	1	1000	1	-1			-1								1		1		1																20069					
100031121	辅助火控单元“穿林”	3	1	1	0	1	1000	1	-1			-1								1		1		1																20070					
100031131	高容量电容“穿林”	3	1	1	0	1	1000	1	-1			-1								1		1		1																20071					
100034111	加长身管“浇石”	3	1	1	0	1	1000	1	-1			-1								1		1		1																20072					
100034121	辅助充能单元“浇石”	3	1	1	0	1	1000	1	-1			-1								1		1		1																20073					
100034131	高爆箭弹弹匣“浇石”	3	1	1	0	1	1000	1	-1			-1								1		1		1																20074					
100040101	“咆哮者”转管机炮	5	1	0		1	9999	1	-1			-1										1		2	1		100													20075					
100040201	“清道夫”多弹头导弹	5	1	0		1	9999	1	-1			-1										1		2	1		100													20076					
100040202	“裁决者”转管机炮	5	1	0		1	9999	1	-1			-1										1		2	1		100													20151					
100040301	“守护者”模块化流体护盾	5	1	0		1	9999	1	-1			-1										1		2	1		100													20077					
100040302	“救火队”反射束榴弹	5	1	0		1	9999	1	-1			-1										1		2	1		100													20078					
100040401	“堡垒”战术变形系统	5	1	0		1	9999	1	-1			-1										1		2	1		100													20079					
100040402	“战车”战术变形系统	5	1	0		1	9999	1	-1			-1										1		2	1		100													20080					
100040501	“打击者”榴弹炮	5	1	0		1	9999	1	-1			-1										1		2	1		100													20081					
100040502	“唱诗班”多管火箭发射器	5	1	0		1	9999	1	-1			-1										1		2	1		100													20082					
100040503	加特林	5	1	0		1	-1	1	-1			-1										1		2	1		100													20029					
100040601	头部1	5	1	0		1	9999	1	-1			-1										1		2	1		100													20025					
100040701	手臂1	5	1	0		1	9999	1	-1			-1										1		2	1		100													20042					
100040801	身躯1	5	1	0		1	9999	1	-1			-1										1		2	1		100													20026					
100040901	腿部1	5	1	0		1	9999	1	-1			-1										1		2	1		100													20043					
100041001	背部1	5	1	0		1	9999	1	-1			-1										1		2	1		100													20044					
100041111	精密身管“咆哮者”	3	1	1	0	1	1000	1	-1			-1								1		1		1	1		100													20083					
100041121	增强解算单元“咆哮者”	3	1	1	0	1	1000	1	-1			-1								1		1		1	1		100													20084					
100041131	大型弹箱“咆哮者”	3	1	1	0	1	1000	1	-1			-1								1		1		1	1		100													20085					
100045111	加长身管“打击者”	3	1	1	0	1	1000	1	-1			-1								1		1		1	1		100													20086					
100045121	增强解算单元“打击者”	3	1	1	0	1	1000	1	-1			-1								1		1		1	1		100													20087					
100045131	重型榴弹弹匣“打击者”	3	1	1	0	1	1000	1	-1			-1								1		1		1	1		100													20088					
100050101	零八式 长程射束炮“迅雷”	5	1	0		1	9999	1	-1			-1										1		2	1		100													20089					
100050102	零九式 长程射束炮“电光”	5	1	0		1	9999	1	-1			-1										1		2	1		100													20090					
100050201	零八式 长程射束炮“迅雷”狙击模式	5	1	0		1	9999	1	-1			-1										1		2	1		100													20091					
100050202	零九式 长程射束炮“电光”狙击模式	5	1	0		1	9999	1	-1			-1										1		2	1		100													20090					
100050301	零二式 干扰无人机“水月”	5	1	0		1	9999	1	-1			-1										1		2	1		100													20092					
100050302	零一式 点防御无人机“朝露”	5	1	0		1	9999	1	-1			-1										1		2	1		100													20093					
100050401	一六式 机动锚爪“疾风”	5	1	0		1	9999	1	-1			-1										1		2	1		100													20094					
100050402	三二式 机雷锚爪“笼鸟”	5	1	0		1	9999	1	-1			-1										1		2	1		100													20095					
100050403	一五式 脉冲机雷“天惊”	5	1	0		1	9999	1	-1			-1										1		2	1		100													20096					
100050501	零七式 光学迷彩“镜花”	5	1	0		1	9999	1	-1			-1										1		2	1		100													20097					
100050601	头部1	5	1	0		1	9999	1	-1			-1										1		2	1		100													20025					
100050701	手臂1	5	1	0		1	9999	1	-1			-1										1		2	1		100													20042					
100050801	身躯1	5	1	0		1	9999	1	-1			-1										1		2	1		100													20026					
100050901	腿部1	5	1	0		1	9999	1	-1			-1										1		2	1		100													20043					
100051001	背部1	5	1	0		1	9999	1	-1			-1										1		2	1		100													20044					
100051111	收束身管“迅雷”	3	1	1	0	1	1000	1	-1			-1								1		1		1	1		100													20098					
100051121	辅助火控单元“迅雷”	3	1	1	0	1	1000	1	-1			-1								1		1		1	1		100													20099					
100051131	高容量电容“迅雷”	3	1	1	0	1	1000	1	-1			-1								1		1		1	1		100													20100					
100051211	收束身管“电光”	3	1	1	0	1	1000	1	-1			-1								1		1		1	1		100													20101					
100051221	辅助火控单元“电光”	3	1	1	0	1	1000	1	-1			-1								1		1		1	1		100													20102					
100051231	高容量电容“电光”	3	1	1	0	1	1000	1	-1			-1								1		1		1	1		100													20103					
100070101	“天光”能量炮	5	1	0	0	1	9999	1	-1			-1										1		2	1		100													20256					
100070102	刺杀利爪	5	1	0	0	1	9999	1	-1			-1										1		2	1		100													20029					
100070201	“焚风”同步锚爪	5	1	0	0	1	9999	1	-1			-1										1		2	1		100													20159					
100070202	“冰映光”脉冲锚爪	5	1	0	0	1	9999	1	-1			-1										1		2	1		100													20257					
100070301	“西蒙风”干扰烟幕散布器	5	1	0	0	1	9999	1	-1			-1										1		2	1		100													20160					
100070302	“电集流”干扰场发生器	5	1	0	0	1	9999	1	-1			-1										1		2	1		100													20029					
100070401	“气辉”同温层射束系统	5	1	0	0	1	9999	1	-1			-1										1		2	1		100													20158					
100070402	轨道炮·狙击	5	1	0	0	1	9999	1	-1			-1										1		2	1		100													20029					
100070501	“虹彩”支援推进翼	5	1	0	0	1	9999	1	-1			-1										1		2	1		100													20255					
100070502	“EIC”干扰器	5	1	0	0	1	9999	1	-1			-1										1		2	1		100													20029					
100070601	头部1	5	1	0	0	1	9999	1	-1			-1										1		2	1		100													20025					
100070701	手臂1	5	1	0	0	1	9999	1	-1			-1										1		2	1		100													20042					
100070801	身躯1	5	1	0	0	1	9999	1	-1			-1										1		2	1		100													20026					
100070901	腿部1	5	1	0	0	1	9999	1	-1			-1										1		2	1		100													20043					
100071001	背部1	5	1	0	0	1	9999	1	-1			-1										1		2	1		100													20044					
100090101	“双头魔犬”脉冲照射炮	5	1	0		1	9999	1	-1			-1										1		2	1		100													20104					
100090102	“涅索斯”离子爆破炮	5	1	0		1	9999	1	-1			-1										1		2	1		100													20105					
100090103	“拉冬”分束炮	5	1	0		1	9999	1	-1			-1										1		2	1		100													20106					
100090201	“双头魔犬”脉冲照射炮	5	1	0		1	9999	1	-1			-1										1		2	1		100													20107					
100090202	“涅索斯”离子爆破炮	5	1	0		1	9999	1	-1			-1										1		2	1		100													20108					
100090203	“拉冬”分束炮	5	1	0		1	9999	1	-1			-1										1		2	1		100													20109					
100090301	“斯库拉”点防御无人机	5	1	0		1	9999	1	-1			-1										1		2	1		100													20110					
100090302	“塞壬”点防御无人机	5	1	0	0	1	9999	1	-1			-1										1		2	1		100													20111					
100090401	“卡律布狄斯”炮台无人机	5	1	0		1	9999	1	-1			-1										1		2	1		100													20112					
100090402	“刻托”增幅单元	5	1	0	0	1	9999	1	-1			-1										1		2	1		100													20113					
100090403	“革律翁”诱饵无人机	5	1	0		1	9999	1	-1			-1										1		2	1		100				0		0							20148					
100090501	“百眼巨人”分束炮	5	1	0		1	9999	1	-1			-1										1		2	1		100													20114					
100090502	“百臂巨人”场反射无人机	5	1	0		1	9999	1	-1			-1										1		2	1		100													20115					
100090503	“戈尔贡”场反射无人机	5	1	0		1	9999	1	-1			-1										1		2	1		100													20116					
100090601	头部1	5	1	0		1	9999	1	-1			-1										1		2	1		100													20025					
100090701	手臂1	5	1	0		1	9999	1	-1			-1										1		2	1		100													20042					
100090801	身躯1	5	1	0		1	9999	1	-1			-1										1		2	1		100													20026					
100090901	腿部1	5	1	0		1	9999	1	-1			-1										1		2	1		100													20043					
100091001	背部1	5	1	0		1	9999	1	-1			-1										1		2	1		100													20044					
100091111	收束身管“双头魔犬”	3	1	1	0	1	1000	1	-1			-1								1		1		1	1		100													20117					
100091121	增强解算单元“双头魔犬”	3	1	1	0	1	1000	1	-1			-1								1		1		1	1		100													20118					
100091131	高容量电容“双头魔犬”	3	1	1	0	1	1000	1	-1			-1								1		1		1	1		100													20119					
100092111	收束身管“双头魔犬”	3	1	1	0	1	1000	1	-1			-1								1		1		1	1		100													20117					
100092121	增强解算单元“双头魔犬”	3	1	1	0	1	1000	1	-1			-1								1		1		1	1		100													20118					
100092131	高容量电容“双头魔犬”	3	1	1	0	1	1000	1	-1			-1								1		1		1	1		100													20119					
100094111	电荷补偿身管“百眼巨人”	3	1	1	0	1	1000	1	-1			-1								1		1		1	1		100													20120					
100094121	辅助充能单元“百眼巨人”	3	1	1	0	1	1000	1	-1			-1								1		1		1	1		100													20121					
100094131	大容量磁镜“百眼巨人”	3	1	1	0	1	1000	1	-1			-1								1		1		1	1		100													20122					
100120101	“先锋”破障突击炮	5	1	0		1	9999	1	-1			-1										1		2	1		100													20123					
100120102	“惊涛”重型照射炮	5	1	0		1	9999	1	-1			-1										1		2	1		100													20124					
100120201	“摧星”感应战斧	5	1	0		1	9999	1	-1			-1										1		2	1		100													20125					
100120202	“先锋”破障突击炮	5	1	0		1	9999	1	-1			-1										1		2	1		100													20123					
100120203	“甲光”模块化护盾	5	1	0		1	9999	1	-1			-1										1		2	1		100													20126					
100120301	“织女”防御力场	5	1	0		1	9999	1	-1			-1										1		2	1		100													20127					
100120401	“箭雨”导弹荚舱	5	1	0		1	9999	1	-1			-1										1		2	1		100													20128					
100120402	“水渊”导弹荚舱	5	1	0		1	9999	1	-1			-1										1		2	1		100													20129					
100120403	“鸣弦”导弹荚舱	5	1	0		1	9999	1	-1			-1										1		2	1		100													20155					
100120501	“惊蛰”能量破坏炮	5	1	0		1	9999	1	-1			-1										1		2	1		100													20130					
100120502	“焚雷”电磁炮	5	1	0		1	9999	1	-1			-1										1		2	1		100													20131					
100120601	头部1	5	1	0		1	9999	1	-1			-1										1		2	1		100													20025					
100120701	手臂1	5	1	0		1	9999	1	-1			-1										1		2	1		100													20042					
100120801	身躯1	5	1	0		1	9999	1	-1			-1										1		2	1		100													20026					
100120901	腿部1	5	1	0		1	9999	1	-1			-1										1		2	1		100													20043					
100121001	背部1	5	1	0		1	9999	1	-1			-1										1		2	1		100													20044					
100121111	精密身管“先锋”	3	1	1	0	1	1000	1	-1			-1								1		1		1	1		100													20132					
100121121	增强解算单元“先锋”	3	1	1	0	1	1000	1	-1			-1								1		1		1	1		100													20133					
100121131	大型弹匣“先锋”	3	1	1	0	1	1000	1	-1			-1								1		1		1	1		100													20134					
100122211	精密身管“先锋”	3	1	1	0	1	1000	1	-1			-1								1		1		1	1		100													20132					
100122221	增强解算单元“先锋”	3	1	1	0	1	1000	1	-1			-1								1		1		1	1		100													20133					
100122231	大型弹匣“先锋”	3	1	1	0	1	1000	1	-1			-1								1		1		1	1		100													20134					
100124111	增强解算单元“箭雨”	3	1	1	0	1	1000	1	-1			-1								1		1		1	1		100													20135					
100124121	辅助散热装置“箭雨”	3	1	1	0	1	1000	1	-1			-1								1		1		1	1		100													20136					
100124131	高爆导弹弹箱“箭雨”	3	1	1	0	1	1000	1	-1			-1								1		1		1	1		100													20137					
100125111	电荷补偿身管“惊蛰”	3	1	1	0	1	1000	1	-1			-1								1		1		1	1		100													20138					
100125121	大容量磁镜“惊蛰”	3	1	1	0	1	1000	1	-1			-1								1		1		1	1		100													20139					
100125131	辅助充能单元“惊蛰”	3	1	1	0	1	1000	1	-1			-1								1		1		1	1		100													20140					
100125211	加长身管“焚雷”	3	1	1	0	1	1000	1	-1			-1								1		1		1	1		100													20141					
100125221	高爆箭弹弹匣“焚雷”	3	1	1	0	1	1000	1	-1			-1								1		1		1	1		100													20142					
100125231	辅助充能单元“焚雷”	3	1	1	0	1	1000	1	-1			-1								1		1		1	1		100													20143					
200000001	压测道具1	1	2	1	1	9999	9999	1	-1			-1								4	100	1		2	1		100				1									20002					
200000002	压测道具2	1	2	1	1	9999	9999	1	-1			-1								4	100	1		2	1		100				1									20002					
200000003	压测道具3	1	2	1	1	9999	9999	1	-1			-1								4	100	1		2	1		100				1									20002					
200000004	压测道具4	1	2	1	1	9999	9999	1	-1			-1								4	100	1		2	1		100				1									20002					
200000005	压测道具5	1	2	1	1	9999	9999	1	-1			-1								4	100	1		2	1		100				1									20002					
200000006	压测道具6	1	2	1	1	9999	9999	1	-1			-1								4	100	1		2	1		100				1									20002					
200000007	压测道具7	1	2	1	1	9999	9999	1	-1			-1								4	100	1		2	1		100				1									20002					
200000008	压测道具8	1	2	1	1	9999	9999	1	-1			-1								4	100	1		2	1		100				1									20002					
200000009	压测道具9	1	2	1	1	9999	9999	1	-1			-1								4	100	1		2	1		100				1									20002					
200000010	压测道具10	1	2	1	1	9999	9999	1	-1			-1								4	100	1		2	1		100				1									20002					
200000011	压测道具11	1	2	1	1	9999	9999	1	-1			-1								4	100	1		2	1		100				1									20002					
200000012	压测道具12	1	2	1	1	9999	9999	1	-1			-1								4	100	1		2	1		100				1									20002					
200000013	压测道具13	1	2	1	1	9999	9999	1	-1			-1								4	100	1		2	1		100				1									20002					
200000014	压测道具14	1	2	1	1	9999	9999	1	-1			-1								4	100	1		2	1		100				1									20002					
200000015	压测道具15	1	2	1	1	9999	9999	1	-1			-1								4	100	1		2	1		100				1									20002					
200000016	压测道具16	1	2	1	1	9999	9999	1	-1			-1								4	100	1		2	1		100				1									20002					
200000017	压测道具17	1	2	1	1	9999	9999	1	-1			-1								4	100	1		2	1		100				1									20002					
200000018	压测道具18	1	2	1	1	9999	9999	1	-1			-1								4	100	1		2	1		100				1									20002					
200000019	压测道具19	1	2	1	1	9999	9999	1	-1			-1								4	100	1		2	1		100				1									20002					
200000020	压测道具20	1	2	1	1	9999	9999	1	-1			-1								4	100	1		2	1		100				1									20002					
200000021	压测道具21	1	2	1	1	9999	9999	1	-1			-1								4	100	1		2	1		100				1									20002					
200000022	压测道具22	1	2	1	1	9999	9999	1	-1			-1								4	100	1		2	1		100				1									20002					
200000023	压测道具23	1	2	1	1	9999	9999	1	-1			-1								4	100	1		2	1		100				1									20002					
200000024	压测道具24	1	2	1	1	9999	9999	1	-1			-1								4	100	1		2	1		100				1									20002					
200000025	压测道具25	1	2	1	1	9999	9999	1	-1			-1								4	100	1		2	1		100				1									20002					
200000026	压测道具26	1	2	1	1	9999	9999	1	-1			-1								4	100	1		2	1		100				1									20002					
200000027	压测道具27	1	2	1	1	9999	9999	1	-1			-1								4	100	1		2	1		100				1									20002					
200000028	压测道具28	1	2	1	1	9999	9999	1	-1			-1								4	100	1		2	1		100				1									20002					
200000029	压测道具29	1	2	1	1	9999	9999	1	-1			-1								4	100	1		2	1		100				1									20002					
200000030	压测道具30	1	2	1	1	9999	9999	1	-1			-1								4	100	1		2	1		100				1									20002					
200000031	压测道具31	1	2	1	1	9999	9999	1	-1			-1								4	100	1		2	1		100				1									20002					
200000032	压测道具32	1	2	1	1	9999	9999	1	-1			-1								4	100	1		2	1		100				1									20002					
200000033	压测道具33	1	2	1	1	9999	9999	1	-1			-1								4	100	1		2	1		100				1									20002					
200000034	压测道具34	1	2	1	1	9999	9999	1	-1			-1								4	100	1		2	1		100				1									20002					
200000035	压测道具35	1	2	1	1	9999	9999	1	-1			-1								4	100	1		2	1		100				1									20002					
200000036	压测道具36	1	2	1	1	9999	9999	1	-1			-1								4	100	1		2	1		100				1									20002					
200000037	压测道具37	1	2	1	1	9999	9999	1	-1			-1								4	100	1		2	1		100				1									20002					
200000038	压测道具38	1	2	1	1	9999	9999	1	-1			-1								4	100	1		2	1		100				1									20002					
200000039	压测道具39	1	2	1	1	9999	9999	1	-1			-1								4	100	1		2	1		100				1									20002					
200000040	压测道具40	1	2	1	1	9999	9999	1	-1			-1								4	100	1		2	1		100				1									20002					
200000041	压测道具41	1	2	1	1	9999	9999	1	-1			-1								4	100	1		2	1		100				1									20002					
200000042	压测道具42	1	2	1	1	9999	9999	1	-1			-1								4	100	1		2	1		100				1									20002					
200000043	压测道具43	1	2	1	1	9999	9999	1	-1			-1								4	100	1		2	1		100				1									20002					
200000044	压测道具44	1	2	1	1	9999	9999	1	-1			-1								4	100	1		2	1		100				1									20002					
200000045	压测道具45	1	2	1	1	9999	9999	1	-1			-1								4	100	1		2	1		100				1									20002					
200000046	压测道具46	1	2	1	1	9999	9999	1	-1			-1								4	100	1		2	1		100				1									20002					
200000047	压测道具47	1	2	1	1	9999	9999	1	-1			-1								4	100	1		2	1		100				1									20002					
200000048	压测道具48	1	2	1	1	9999	9999	1	-1			-1								4	100	1		2	1		100				1									20002					
200000049	压测道具49	1	2	1	1	9999	9999	1	-1			-1								4	100	1		2	1		100				1									20002					
200000050	压测道具50	1	2	1	1	9999	9999	1	-1			-1								4	100	1		2	1		100				1									20002					
200000051	压测道具51	1	2	1	1	9999	9999	1	-1			-1								4	100	1		2	1		100				1									20002					
200000052	压测道具52	1	2	1	1	9999	9999	1	-1			-1								4	100	1		2	1		100				1									20002					
200000053	压测道具53	1	2	1	1	9999	9999	1	-1			-1								4	100	1		2	1		100				1									20002					
200000054	压测道具54	1	2	1	1	9999	9999	1	-1			-1								4	100	1		2	1		100				1									20002					
200000055	压测道具55	1	2	1	1	9999	9999	1	-1			-1								4	100	1		2	1		100				1									20002					
200000056	压测道具56	1	2	1	1	9999	9999	1	-1			-1								4	100	1		2	1		100				1									20002					
200000057	压测道具57	1	2	1	1	9999	9999	1	-1			-1								4	100	1		2	1		100				1									20002					
200000058	压测道具58	1	2	1	1	9999	9999	1	-1			-1								4	100	1		2	1		100				1									20002					
200000059	压测道具59	1	2	1	1	9999	9999	1	-1			-1								4	100	1		2	1		100				1									20002					
200000060	压测道具60	1	2	1	1	9999	9999	1	-1			-1								4	100	1		2	1		100				1									20002					
200000061	压测道具61	1	2	1	1	9999	9999	1	-1			-1								4	100	1		2	1		100				1									20002					
200000062	压测道具62	1	2	1	1	9999	9999	1	-1			-1								4	100	1		2	1		100				1									20002					
200000063	压测道具63	1	2	1	1	9999	9999	1	-1			-1								4	100	1		2	1		100				1									20002					
200000064	压测道具64	1	2	1	1	9999	9999	1	-1			-1								4	100	1		2	1		100				1									20002					
200000065	压测道具65	1	2	1	1	9999	9999	1	-1			-1								4	100	1		2	1		100				1									20002					
200000066	压测道具66	1	2	1	1	9999	9999	1	-1			-1								4	100	1		2	1		100				1									20002					
200000067	压测道具67	1	2	1	1	9999	9999	1	-1			-1								4	100	1		2	1		100				1									20002					
200000068	压测道具68	1	2	1	1	9999	9999	1	-1			-1								4	100	1		2	1		100				1									20002					
200000069	压测道具69	1	2	1	1	9999	9999	1	-1			-1								4	100	1		2	1		100				1									20002					
200000070	压测道具70	1	2	1	1	9999	9999	1	-1			-1								4	100	1		2	1		100				1									20002					
200000071	压测道具71	1	2	1	1	9999	9999	1	-1			-1								4	100	1		2	1		100				1									20002					
200000072	压测道具72	1	2	1	1	9999	9999	1	-1			-1								4	100	1		2	1		100				1									20002					
200000073	压测道具73	1	2	1	1	9999	9999	1	-1			-1								4	100	1		2	1		100				1									20002					
200000074	压测道具74	1	2	1	1	9999	9999	1	-1			-1								4	100	1		2	1		100				1									20002					
200000075	压测道具75	1	2	1	1	9999	9999	1	-1			-1								4	100	1		2	1		100				1									20002					
200000076	压测道具76	1	2	1	1	9999	9999	1	-1			-1								4	100	1		2	1		100				1									20002					
200000077	压测道具77	1	2	1	1	9999	9999	1	-1			-1								4	100	1		2	1		100				1									20002					
200000078	压测道具78	1	2	1	1	9999	9999	1	-1			-1								4	100	1		2	1		100				1									20002					
200000079	压测道具79	1	2	1	1	9999	9999	1	-1			-1								4	100	1		2	1		100				1									20002					
200000080	压测道具80	1	2	1	1	9999	9999	1	-1			-1								4	100	1		2	1		100				1									20002					
200000081	压测道具81	1	2	1	1	9999	9999	1	-1			-1								4	100	1		2	1		100				1									20002					
200000082	压测道具82	1	2	1	1	9999	9999	1	-1			-1								4	100	1		2	1		100				1									20002					
200000083	压测道具83	1	2	1	1	9999	9999	1	-1			-1								4	100	1		2	1		100				1									20002					
200000084	压测道具84	1	2	1	1	9999	9999	1	-1			-1								4	100	1		2	1		100				1									20002					
200000085	压测道具85	1	2	1	1	9999	9999	1	-1			-1								4	100	1		2	1		100				1									20002					
200000086	压测道具86	1	2	1	1	9999	9999	1	-1			-1								4	100	1		2	1		100				1									20002					
200000087	压测道具87	1	2	1	1	9999	9999	1	-1			-1								4	100	1		2	1		100				1									20002					
200000088	压测道具88	1	2	1	1	9999	9999	1	-1			-1								4	100	1		2	1		100				1									20002					
200000089	压测道具89	1	2	1	1	9999	9999	1	-1			-1								4	100	1		2	1		100				1									20002					
200000090	压测道具90	1	2	1	1	9999	9999	1	-1			-1								4	100	1		2	1		100				1									20002					
200000091	压测道具91	1	2	1	1	9999	9999	1	-1			-1								4	100	1		2	1		100				1									20002					
200000092	压测道具92	1	2	1	1	9999	9999	1	-1			-1								4	100	1		2	1		100				1									20002					
200000093	压测道具93	1	2	1	1	9999	9999	1	-1			-1								4	100	1		2	1		100				1									20002					
200000094	压测道具94	1	2	1	1	9999	9999	1	-1			-1								4	100	1		2	1		100				1									20002					
200000095	压测道具95	1	2	1	1	9999	9999	1	-1			-1								4	100	1		2	1		100				1									20002					
200000096	压测道具96	1	2	1	1	9999	9999	1	-1			-1								4	100	1		2	1		100				1									20002					
200000097	压测道具97	1	2	1	1	9999	9999	1	-1			-1								4	100	1		2	1		100				1									20002					
200000098	压测道具98	1	2	1	1	9999	9999	1	-1			-1								4	100	1		2	1		100				1									20002					
200000099	压测道具99	1	2	1	1	9999	9999	1	-1			-1								4	100	1		2	1		100				1									20002					
200000100	压测道具100	1	2	1	1	9999	9999	1	-1			-1								4	100	1		2	1		100				1									20002					
610040101	“先锋”破障突击炮	5	1	0		1	9999		-1			-1										1		2																20123					
610040201	“摧星”感应战斧	5	1	0		1	9999		-1			-1										1		2																20125					
610040301	“织女”电磁防御力场	5	1	0		1	9999		-1			-1										1		2																20127					
610040401	“箭雨”导弹荚舱	5	1	0		1	9999		-1			-1										1		2																20128					
610040501	“惊蛰”能量破坏炮	5	1	0		1	9999		-1			-1										1		2																20130					
610040601	头部1	5	1	0		1	9999		-1			-1										1		2																20025					
610040701	手臂1	5	1	0		1	9999		-1			-1										1		2																20042					
610040801	身躯1	5	1	0		1	9999		-1			-1										1		2																20026					
610040901	腿部1	5	1	0		1	9999		-1			-1										1		2																20043					
610041001	背部1	5	1	0		1	9999		-1			-1										1		2																20044					
610041002	佣金订单：护送	1	2	0	0	1	1	1	-1			-1			1							1		1							1			1062					1	20029	20029				
610041003	佣金订单：保护	1	2	0	0	1	1	1	-1			-1			1							1		1							1			1144					1	20029	20029				
610041004	佣金订单：占领	1	2	0	0	1	1	1	-1			-1			1							1		1							1			1705					1	20029	20029				
610041005	佣金订单：探索	1	2	0	0	1	1	1	-1			-1			1							1		1							1			1706					1	20029	20029				
610041006	佣金订单：寻找	1	2	0	0	1	1	1	-1			-1			1							1		1							1			1707					1	20029	20029				
610041007	佣金订单：采集	1	2	0	0	1	1	1	-1			-1			1							1		1							1			1708					1	20029	20029				
610041008	佣金订单：对话	1	2	0	0	1	1	1	-1			-1			1							1		1							1			1709					1	20029	20029				
610041009	佣金订单：防守	1	2	0	0	1	1	1	-1			-1			1							1		1							1			1710					1	20029	20029				
610041010	佣金订单：却敌	1	2	0	0	1	1	1	-1			-1			1							1		1							1			1711					1	20029	20029				
610041011	佣金订单：实验	1	2	0	0	1	1	1	-1			-1			1							1		1							1			1712					1	20029	20029				
610041012	佣金订单：拆迁	1	2	0	0	1	1	1	-1			-1			1							1		1							1			1713					1	20029	20029				
610041013	战术道具背包扩展	1	1	0	0	1	3	1	-1			-1			1					11	7,1	1		1							1			863					1	20026	20026				
